{"aca_avg": 0.49, "aca_std": 0.0, "kappa_avg": 0.578, "kappa_std": 0.0, "acc_class_avg": [0.478, 0.489, 0.677, 0.347, 0.457], "acc_class_std": [0.0, 0.0, 0.0, 0.0, 0.0], "f1_avg_avg": 0.505, "f1_avg_std": 0.0, "auc_avg_avg": 0.844, "auc_avg_std": 0.0, "auc_class_avg": [0.818, 0.635, 0.83, 0.974, 0.964], "auc_class_std": [0.0, 0.0, 0.0, 0.0, 0.0], "f1_class_avg": [0.605, 0.304, 0.554, 0.468, 0.593], "f1_class_std": [0.0, 0.0, 0.0, 0.0, 0.0], "sensitivity_class_avg": [0.478, 0.489, 0.677, 0.347, 0.457], "sensitivity_class_std": [0.0, 0.0, 0.0, 0.0, 0.0], "sensitivity_avg_avg": 0.49, "sensitivity_avg_std": 0.0, "specificity_class_avg": [0.858, 0.683, 0.81, 0.994, 0.998], "specificity_class_std": [0.0, 0.0, 0.0, 0.0, 0.0], "specificity_avg_avg": 0.869, "specificity_avg_std": 0.0, "cm_avg": [[486.0, 369.0, 159.0, 1.0, 2.0], [94.0, 132.0, 44.0, 0.0, 0.0], [9.0, 98.0, 235.0, 4.0, 1.0], [0.0, 0.0, 49.0, 26.0, 0.0], [0.0, 0.0, 14.0, 5.0, 16.0]], "cm_std": [[0.0, 0.0, 0.0, 0.0, 0.0], [0.0, 0.0, 0.0, 0.0, 0.0], [0.0, 0.0, 0.0, 0.0, 0.0], [0.0, 0.0, 0.0, 0.0, 0.0], [0.0, 0.0, 0.0, 0.0, 0.0]], "cm_norm_avg": [[0.478, 0.363, 0.156, 0.001, 0.002], [0.348, 0.489, 0.163, 0.0, 0.0], [0.026, 0.282, 0.677, 0.012, 0.003], [0.0, 0.0, 0.653, 0.347, 0.0], [0.0, 0.0, 0.4, 0.143, 0.457]], "cm_norm_std": [[0.0, 0.0, 0.0, 0.0, 0.0], [0.0, 0.0, 0.0, 0.0, 0.0], [0.0, 0.0, 0.0, 0.0, 0.0], [0.0, 0.0, 0.0, 0.0, 0.0], [0.0, 0.0, 0.0, 0.0, 0.0]]}