{"aca_avg": 0.736, "aca_std": 0.0, "kappa_avg": 0.481, "kappa_std": 0.0, "acc_class_avg": [0.93, 0.92, 0.575, 0.52], "acc_class_std": [0.0, 0.0, 0.0, 0.0], "f1_avg_avg": 0.73, "f1_avg_std": 0.0, "auc_avg_avg": 0.903, "auc_avg_std": 0.0, "auc_class_avg": [0.899, 0.964, 0.869, 0.879], "auc_class_std": [0.0, 0.0, 0.0, 0.0], "f1_class_avg": [0.718, 0.829, 0.703, 0.669], "f1_class_std": [0.0, 0.0, 0.0, 0.0], "sensitivity_class_avg": [0.93, 0.92, 0.575, 0.52], "sensitivity_class_std": [0.0, 0.0, 0.0, 0.0], "sensitivity_avg_avg": 0.736, "sensitivity_avg_std": 0.0, "specificity_class_avg": [0.78, 0.9, 0.98, 0.988], "specificity_class_std": [0.0, 0.0, 0.0, 0.0], "specificity_avg_avg": 0.912, "specificity_avg_std": 0.0, "cm_avg": [[186.0, 13.0, 1.0, 0.0], [3.0, 184.0, 10.0, 3.0], [42.0, 39.0, 115.0, 4.0], [87.0, 8.0, 1.0, 104.0]], "cm_std": [[0.0, 0.0, 0.0, 0.0], [0.0, 0.0, 0.0, 0.0], [0.0, 0.0, 0.0, 0.0], [0.0, 0.0, 0.0, 0.0]], "cm_norm_avg": [[0.93, 0.065, 0.005, 0.0], [0.015, 0.92, 0.05, 0.015], [0.21, 0.195, 0.575, 0.02], [0.435, 0.04, 0.005, 0.52]], "cm_norm_std": [[0.0, 0.0, 0.0, 0.0], [0.0, 0.0, 0.0, 0.0], [0.0, 0.0, 0.0, 0.0], [0.0, 0.0, 0.0, 0.0]]}